551
543
553
556
557
539
555
559
558
562
563
560
554
530
564
567
569
566
561
570
565
572
573
575
574
577
579
578
576
571
568
582
584
585
586
587
589
590
591
592
593
425
594
596
597
598
583
599
601
588
602
604
605
606
600
607
609
608
610
612
611
613
603
616
617
615
619
614
620
618
623
624
625
626
621
627
622
629
631
632
630
634
633
635
637
638
595
639
580
636
641
644
645
646
643
647
649
656
650
659
654
655
660
663
664
652
665
661
666
667
669
670
672
671
668
673
674
676
678
662
679
677
658
681
684
683
682
686
675
685
690
688
687
680
657
691
653
692
696
693
699
700
698
694
689
701
702
706
703
704
705
708
709
651
712
707
713
715
710
718
716
720
714
721
722
717
723
725
726
711
728
729
731
719
727
724
733
732
737
734
738
739
735
741
730
742
744
736
746
743
747
749
745
752
751
754
740
750
748
756
760
759
761
758
762
757
763
767
765
764
768
770
771
773
755
774
772
769
776
753
779
777
778
781
783
775
784
787
782
788
786
766
790
793
792
789
794
797
791
796
795
785
801
799
800
802
804
798
780
808
806
807
803
811
812
810
814
809
816
815
819
817
822
820
821
813
825
824
827
829
828
697
830
831
826
823
834
805
836
833
840
841
839
842
818
838
844
847
848
835
846
837
845
849
854
851
853
855
858
857
850
843
859
856
860
863
852
866
864
861
865
862
868
873
867
872
869
874
878
876
832
879
870
882
877
875
885
880
886
883
887
871
889
893
884
891
894
890
892
896
897
901
900
899
895
902
906
903
905
907
908
898
904
911
888
914
909
916
917
919
918
915
920
921
913
923
924
910
922
925
927
931
928
932
934
926
881
930
935
936
940
939
912
937
929
933
942
947
945
943
941
946
948
951
953
954
955
956
949
952
957
958
950
960
938
962
695
961
964
966
970
968
969
959
973
965
972
974
977
975
971
979
981
982
984
967
985
983
976
988
987
990
991
963
992
978
993
997
998
994
999
1000
1001
996
1003
1004
1005
995
1007
980
1006
1009
1010
1011
986
944
989
1014
1018
1019
1013
1012
1020
1022
1021
1025
1024
1023
1028
1026
1029
1031
1027
1030
1016
1032
1033
1034
1017
1036
1038
1035
1040
1037
1041
1045
1044
1002
1046
1047
1039
1043
1048
1049
1050
1053
1051
1052
1054
1058
1042
1057
1059
1060
1063
1065
1064
1056
1067
1062
1066
1069
1055
1071
1074
1075
1061
1070
1073
1079
1080
1078
1081
1077
1072
1084
1085
1083
1088
1082
1076
1086
1091
1087
1094
1089
1090
1068
1096
1095
1100
1099
1097
1093
1103
1098
1106
1107
1108
1102
1109
1105
1101
1104
1111
1113
1116
1115
1110
1118
1119
1120
1114
1122
1121
1015
1124
1125
1117
1123
1127
1131
1132
1128
1133
1008
1135
1136
1137
1126
1134
1138
1139
1142
1144
1140
1145
1147
1092
1112
1148
1129
1143
1151
1146
1154
1155
1149
1160
1163
1164
1165
1161
1168
1167
1170
1166
1162
1169
1172
1171
1173
1175
1176
1177
1178
1174
1179
1183
1186
1180
1158
1188
1187
1181
1190
1189
1194
1191
1195
1193
1192
1198
1197
1184
1196
1199
1207
1204
1210
1208
1213
1212
1216
1218
1215
1219
1217
1220
1205
1223
1214
1221
1206
1226
1227
1229
1230
1232
1231
1233
1234
1236
1237
1235
1238
1239
1224
1240
1243
1242
1244
1245
1247
1246
1249
1250
1251
1241
1253
1222
1252
1254
1255
1257
1256
1258
1259
1261
1260
1263
1265
1264
1228
1266
1269
1209
1267
1248
1270
1272
1274
1275
1276
1278
1277
1273
1268
1262
1225
1283
1279
1286
1284
1280
1287
1288
1290
1285
1292
1294
1281
1295
1297
1289
1298
1271
1291
1300
1303
1304
1305
1299
1306
1308
1309
1310
1311
1302
1312
1314
1315
1282
1316
1293
1307
1318
1319
1321
1301
1317
1325
1323
1320
1327
1324
1330
1326
1329
1331
1313
1333
1332
1336
1337
1338
1340
1339
1334
1341
1328
1344
1346
1345
1343
1347
1350
1349
1351
1353
1335
1352
1354
1357
1358
1359
1356
1360
1362
1363
1361
1364
1355
1366
1368
1348
1369
1370
1371
1373
1374
1367
1375
1377
1378
1372
1379
1381
1380
1382
1383
1385
1384
1386
1387
1365
1389
1390
1388
1391
1394
1395
1393
1392
1398
1397
1396
1376
1400
1342
1401
1403
1404
1405
1399
1406
1408
1411
1410
1412
1407
1413
1416
1409
1414
1417
1419
1402
1421
1420
1423
1424
1425
1426
1427
1428
1429
1431
1415
1432
1434
1322
1435
1437
1433
1438
1440
1441
1418
1439
1442
1445
1436
1446
1422
1448
1450
1443
1451
1452
1453
1444
1454
1449
1455
1459
1457
1447
1460
1462
1464
1463
1456
1461
1465
1466
1469
1471
1470
1468
1473
1467
1472
1458
1477
1475
1476
1480
1474
1482
1479
1485
1484
1487
1486
1488
1430
1489
1483
1478
1490
1493
1492
1481
1496
1499
1500
1501
1498
1497
1495
1502
1504
1494
1506
1507
1509
1491
1503
1513
1510
1515
1516
1514
1511
1508
1505
1519
1521
1522
1524
1525
1517
1518
1523
1526
1211
1530
1296
1529
1512
1528
1527
1534
1538
1537
1539
1520
1540
1541
1531
1542
1545
1544
1543
1546
1547
1536
1532
1553
1554
1552
1555
1550
1551
1557
1558
1559
1560
1561
1564
1562
1563
1565
1568
1569
1549
1566
1572
1567
1574
1573
1533
1576
1575
1578
1579
1570
1571
1580
1581
1582
1585
1584
1583
1587
1589
1588
1586
1592
1594
1590
1577
1595
1596
1548
1599
1593
1591
1600
1603
1604
1606
1601
1607
1609
1605
1610
1612
1613
1614
1615
1535
1616
1611
1618
1620
1621
1608
1622
1624
1625
1619
1626
1628
1629
1630
1631
1632
1633
1597
1602
1634
1617
1627
1637
1640
1641
1623
1642
1644
1645
1646
1639
1647
1649
1650
1651
1652
1643
1653
1654
1648
1657
1638
1636
1659
1658
1635
1660
1663
1661
1664
1665
1656
1655
1662
1671
1667
1670
1672
1669
1674
1675
1678
1677
1668
1598
1673
1666
1682
1679
1681
1683
1688
1676
1686
1691
1689
1687
1690
1693
1685
1695
1697
1699
1700
1696
1702
1701
1556
1698
1684
1703
1708
1680
1704
1709
1711
1712
1713
1714
1694
1716
1715
1718
1710
1720
1719
1723
1706
1722
1717
1724
1726
1725
1729
1728
1721
1727
1731
1733
1707
1732
1738
1730
1734
1735
1739
1742
1743
1741
1745
1746
1747
1744
1749
1705
1740
1752
1750
1751
1754
1756
1758
1755
1759
1760
1762
1737
1761
1763
1765
1766
1757
1767
1748
1769
1768
1770
1764
1772
1774
1777
1776
1778
1779
1780
1773
1782
1781
1784
1786
1783
1787
1789
1790
1791
1785
1771
1792
1795
1796
1788
1753
1797
1798
1800
1802
1801
1803
1805
1794
1806
1799
1808
1810
1811
1736
1812
1814
1807
1815
1775
1804
1817
1820
1818
1819
1821
1824
1823
1826
1825
1816
1828
1827
1831
1830
1832
1833
1793
1835
1837
1838
1809
1829
1839
1842
1822
1836
1841
1843
1834
1845
1847
1840
1850
1848
1846
1849
1852
1856
1853
1857
1859
1860
1854
1858
1861
1864
1865
1866
1867
1868
1862
1869
1871
1872
1873
1870
1874
1863
1876
1878
1855
1879
1881
1882
1880
1883
1877
1885
1887
1884
1889
1888
1875
1891
1890
1893
1895
1896
1894
1898
1897
1851
1899
1901
1902
1900
1903
1904
1844
1907
1906
1909
1911
1910
1913
1905
1915
1892
1914
1918
1919
1916
1920
1921
1922
1924
1925
1926
1927
1923
1928
1929
1931
1886
1930
1932
1935
1936
1934
1937
1939
1938
1941
1940
1917
1908
1942
1933
1943
1813
1946
1947
1950
1952
1953
1954
1948
1945
1955
1951
1958
1956
1960
1944
1962
1912
1965
1964
1961
1959
1968
1967
1966
1971
1969
1970
1973
1949
1957
1976
1974
1972
1979
1975
1980
1982
1981
1963
1977
1983
1984
1989
1985
1990
1992
1994
1987
1991
1995
1998
1978
1993
1997
1999
2000
2003
1986
2004
2005
2002
1996
2007
2008
2009
2001
2014
1988
2011
2015
2013
2018
2019
2016
2020
2021
2010
2023
2012
2006
1692
2022
2026
2025
2024
2017
2027
2033
2030
2036
2031
2034
2038
2035
2041
2028
2043
2042
2040
2039
2045
2048
2046
2032
2051
2053
2050
2044
2055
2047
2057
2058
2059
2056
2060
2037
2063
2065
2062
2064
2067
2066
2069
2061
2071
2070
2073
2074
2075
2068
2049
2077
2076
2081
2080
2083
2082
2072
2084
2087
2085
2088
2090
2089
2086
2091
2052
2093
2092
2094
2097
2098
2096
2100
2102
2101
2099
2105
2104
2103
2106
2107
2109
2108
2111
2110
2112
2054
2114
2113
2115
2079
2117
2121
2118
2123
2078
2119
2122
2124
2120
2116
2127
2131
2128
2133
2130
2129
2134
2132
2126
2137
2095
2125
2135
2140
2138
2144
2139
2145
2146
2147
2143
2141
2149
2150
2148
2153
2154
2136
2151
2155
2156
2157
2161
2162
2160
2163
2159
2164
2165
2152
2166
2168
2171
2172
2173
2174
2175
2176
2178
2169
2180
2179
2182
2167
2183
2158
2181
2185
2186
2188
2190
2191
2192
2184
2142
2193
2196
2177
2187
2170
2194
2197
2201
2189
2202
2203
2205
2199
2198
2206
2208
2210
2207
2211
2204
2213
2209
2212
2195
2214
2218
2217
2215
2221
2216
2224
2223
2226
2228
2229
2222
2225
2232
2233
2200
2234
2220
2230
2231
2236
2240
2241
2238
2227
2219
2242
2246
2244
2235
2243
2247
2250
2237
2251
2254
2252
2255
2248
2256
2249
2257
2259
2261
2239
2253
2263
2266
2264
2260
2267
2268
2270
2271
2272
2274
2258
2275
2273
2277
2262
2279
2281
2278
2265
2282
2285
2283
2029
2276
2286
2269
2287
2290
2280
2293
2245
2295
2294
2297
2296
2299
2301
2298
2302
2292
2304
2288
2303
2306
2284
2309
2289
2308
2311
2314
2313
2315
2305
2317
2291
2312
2319
2322
2307
2323
2325
2318
2326
2328
2329
2330
2331
2324
2327
2332
2300
2320
2310
2335
2339
2334
2340
2342
2343
2341
2344
2346
2347
2321
2338
2348
2336
2337
2352
2350
2351
2356
2354
2316
2349
2359
2360
2357
2361
2358
2345
2364
2363
2367
2365
2368
2371
2369
2362
2372
2375
2373
2376
2374
2370
2380
2377
2381
2333
2378
2383
2382
2386
2387
2385
2390
2389
2391
2384
2392
2393
2396
2388
2379
2395
2397
2400
2401
2399
2355
2403
2394
2406
2402
2408
2410
2411
2412
2413
2409
2398
2415
2407
2417
2405
2416
2366
2419
2421
2423
2414
2425
2404
2420
2428
2424
2418
2427
2426
2431
2433
2430
2432
2436
2435
2437
2429
2439
2443
2441
2438
2444
2445
2442
2434
2447
2448
2440
2453
2422
2446
2449
2450
2458
2459
2460
2461
2456
2455
2462
2457
2452
2465
2468
2469
2466
2470
2472
2473
2474
2451
2454
2475
2464
2467
2471
2479
2477
2481
2483
2484
2486
2463
2487
2485
2489
2490
2353
2482
2491
2492
2476
2480
2495
2497
2496
2500
2499
2502
2503
2494
2498
2505
2506
2504
2509
2501
2511
2512
2508
2488
2513
2517
2514
2507
2519
2521
2515
2520
2493
2523
2522
2526
2510
2525
2528
2529
2530
2527
2531
2533
2532
2524
2536
2535
2534
2538
2539
2540
2541
2543
2518
2546
2478
2548
2550
2544
2542
2547
2551
2545
2555
2516
2557
2559
2560
2561
2562
2556
2553
2563
2537
2566
2564
2568
2569
2570
2554
2572
2565
2574
2573
2576
2577
2571
2579
2578
2558
2581
2582
2580
2552
2575
2585
2583
2589
2587
2567
2591
2594
2586
2588
2593
2592
2595
2599
2600
2602
2601
2603
2605
2606
2598
2607
2609
2604
2597
2610
2608
2613
2612
2615
2617
2614
2618
2620
2611
2621
2619
2623
2549
2624
2625
2622
2627
2628
2631
2596
2632
2616
2634
2630
2636
2637
2638
2629
2640
2642
2643
2644
2645
2641
2646
2648
2633
2649
2650
2651
2652
2647
2654
2639
2656
2653
2635
2659
2658
2661
2662
2663
2660
2665
2657
2667
2669
2670
2655
2664
2671
2668
2674
2676
2666
2677
2672
2679
2681
2626
2590
2673
2678
2682
2680
2687
2689
2685
2675
2684
2690
2686
2688
2693
2683
2691
2694
2700
2701
2702
2697
2699
2696
2703
2695
2698
2706
2704
2584
2705
2707
2709
2714
2711
2692
2710
2708
2715
2713
2720
2718
2716
2724
2719
2722
2726
2721
2729
2723
2731
2725
2734
2733
2727
2736
2735
2738
2740
2712
2732
2728
2742
2739
2745
2737
2741
2747
2750
2730
2743
2748
2744
2753
2749
2717
2755
2746
2754
2751
2760
2757
2756
2762
2763
2764
2761
2758
2767
2768
2766
2771
2765
2774
2775
2773
2770
2752
2769
2776
2759
2782
2772
2784
2785
2777
2778
2779
2786
2781
2788
2789
2794
2795
2796
2797
2798
2787
2791
2799
2780
2803
2804
2801
2805
2783
2807
2800
2790
2792
2809
2808
2806
2810
2813
2793
2818
2817
2820
2819
2816
2812
2823
2825
2826
2827
2814
2828
2830
2831
2822
2821
2832
2835
2833
2836
2829
2824
2811
2834
2838
2842
2802
2843
2841
2837
2840
2846
2848
2845
2850
2849
2844
2839
2855
2852
2857
2853
2859
2854
2858
2861
2863
2815
2862
2865
2864
2856
2868
2871
2847
2867
2866
2860
2869
2872
2870
2851
2874
2878
2873
2882
2876
2877
2884
2887
2885
2875
2879
2888
2881
2890
2889
2880
2891
2897
2893
2883
2892
2898
2894
2896
2886
2902
2901
2895
2906
2905
2904
2899
2910
2909
2907
2913
2912
2908
2903
2916
2918
2900
2911
2917
2915
2923
2919
2921
2922
2928
2914
2920
2930
2924
2927
2926
2933
2932
2935
2936
2937
2938
2934
2941
2939
2942
2925
2946
2945
2943
2949
2940
2952
2951
2950
2947
2953
2944
2955
2957
2958
2954
2962
2959
2948
2956
2960
2963
2931
2968
2964
2967
2965
2966
2971
2970
2973
2975
2974
2976
2978
2980
2981
2972
2977
2983
2984
2986
2982
2985
2990
2987
2969
2991
2992
2988
2994
2993
2998
2997
2989
2999
3001
3002
3000
3004
3006
2979
3007
3009
2996
3003
2995
3010
3011
3014
3013
3016
3018
3008
3019
3021
3022
3017
3023
3025
3024
3015
3026
3029
3027
3028
3030
3033
3031
3012
3034
3035
3037
3039
3038
3036
3032
2929
3040
3041
3045
3020
3046
3048
3047
3051
3050
3043
3053
3052
3056
2961
3054
3057
3042
3060
3059
3049
3062
3065
3063
3061
3058
3066
3064
3067
3044
3068
3072
3071
3055
3076
3074
3075
3078
3070
3079
3081
3083
3080
3084
3086
3082
3077
3089
3087
3091
3093
3090
3095
3088
3069
3092
3096
3098
3097
3102
3094
3099
3101
3106
3100
3103
3105
3104
3085
3109
3108
3112
3110
3107
3111
3116
3117
3114
3115
3119
3122
3120
3123
3113
3118
3124
3129
3126
3128
3130
3133
3125
3134
3132
3131
3136
3135
3139
3141
3137
3138
3142
3145
3143
3146
3148
3144
3140
3149
3147
3151
3152
3154
3153
3156
3150
3158
3159
3160
3157
3161
3164
3163
3162
3165
3167
3169
3170
3171
3172
3168
3155
3173
3174
3176
3177
3178
3179
3175
3180
3181
3183
3185
3166
3184
3186
3189
3190
3182
3191
3193
3194
3188
3192
3196
3187
3197
3198
3200
3201
3202
3199
3203
3204
3206
3207
3195
3209
3211
3208
3210
3213
3073
3212
3215
3217
3218
3220
3219
3222
3221
3205
3121
3224
3214
3127
3223
3229
3225
3228
3230
3231
3226
3233
3235
3234
3237
3227
3239
3236
3241
3232
3244
3005
3243
3240
3249
3248
3242
3246
3250
3251
3252
3254
3255
3245
3256
3258
3257
3261
3259
3262
3260
3263
3264
3268
3267
3269
3266
3271
3270
3265
3272
3274
3275
3277
3278
3279
3273
3280
3282
3276
3281
3253
3283
3288
3286
3289
3291
3287
3293
3292
3290
3294
3295
3298
3297
3296
3299
3300
3303
3301
3302
3304
3306
3307
3308
3305
3310
3309
3312
3313
3284
3311
3314
3315
3318
3316
3319
3320
3322
3317
3324
3247
3325
3323
3326
3329
3330
3327
3331
3332
3328
3334
3335
3337
3338
3336
3285
3339
3333
3343
3341
3345
3340
3346
3347
3348
3350
3352
3349
3351
3353
3354
3355
3356
3358
3344
3360
3357
3362
3359
3364
3363
3366
3321
3369
3370
3368
3371
3372
3373
3374
3375
3376
3377
3365
3378
3381
3367
3361
3380
3382
3386
3385
3238
3388
3387
3391
3342
3390
3392
3394
3395
3389
3396
3393
3397
3399
3400
3401
3384
3402
3404
3403
3407
3409
3398
3408
3383
3412
3410
3414
3413
3416
3417
3406
3420
3405
3419
3423
3411
3421
3379
3422
3427
3426
3430
3429
3432
3425
3431
3433
3436
3435
3437
3438
3439
3441
3440
3428
3443
3442
3424
3446
3418
3216
3448
3444
3451
3445
3415
3453
3447
3454
3456
3452
3455
3434
3458
3459
3457
3463
3464
3461
3467
3468
3460
3466
3469
3470
3472
3462
3474
3475
3449
3450
3478
3473
3481
3477
3484
3482
3483
3471
3485
3486
3489
3487
3490
3488
3492
3493
3496
3491
3497
3476
3499
3465
3501
3503
3504
3494
3500
3505
3507
3508
3495
3510
3512
3513
3514
3498
3515
3517
3518
3509
3479
3519
3522
3523
3524
3525
3516
3526
3520
3527
3529
3528
3530
3532
3533
3534
3531
3521
3536
3538
3480
3540
3539
3542
3541
3543
3544
3502
3545
3537
3546
3548
3551
3549
3553
3506
3550
3555
3547
3558
3559
3560
3554
3562
3564
3557
3565
3567
3566
3568
3570
3569
3571
3573
3574
3575
3572
3576
3577
3578
3580
3581
3582
3583
3584
3585
3552
3586
3588
3579
3587
3589
3592
3591
3590
3593
3594
3596
3595
3598
3597
3600
3601
3599
3602
3604
3603
3605
3606
3607
3608
3609
3612
3610
3611
3613
3614
3561
3616
3617
3619
3621
3618
3622
3620
3623
3625
3624
3626
3627
3615
3630
3629
3628
3632
3633
3635
3636
3637
3638
3634
3639
3640
3643
3642
3641
3644
3645
3646
3647
3648
3650
3651
3649
3556
3652
3654
3655
3658
3656
3659
3511
3661
3657
3663
3662
3660
3665
3668
3667
3669
3653
3664
3670
3672
3671
3666
3676
3674
3675
3679
3631
3673
3678
3681
3684
3685
3682
3680
3686
3683
3690
3687
3692
3691
3694
3693
3688
3535
3689
3697
3696
3700
3695
3702
3698
3677
3701
3704
3705
3710
3708
3711
3712
3706
3707
3713
3714
3563
3699
3718
3720
3709
3717
3722
3721
3723
3719
3703
3724
3725
3730
3729
3726
3728
3734
3727
3736
3715
3739
3732
3737
3738
3743
3742
3744
3746
3747
3748
3745
3749
3741
3731
3753
3751
3750
3754
3755
3758
3757
3759
3761
3760
3763
3762
3764
3765
3766
3756
3740
3767
3752
3769
3770
3768
3775
3776
3773
3772
3778
3771
3777
3781
3779
3783
3774
3786
3785
3788
3733
3787
3716
3791
3782
3792
3794
3793
3780
3798
3796
3789
3799
3801
3795
3802
3797
3806
3807
3805
3808
3804
3809
3790
3812
3814
3815
3816
3817
3800
3810
3818
3803
3819
3811
3824
3822
3821
3820
3827
3829
3784
3830
3832
3833
3828
3823
3834
3837
3838
3839
3826
3836
3841
3843
3844
3840
3813
3846
3845
3848
3847
3831
3851
3842
3853
3850
3855
3857
3858
3852
3856
3854
3849
3859
3861
3863
3865
3864
3866
3868
3867
3870
3869
3825
3872
3875
3871
3862
3877
3835
3735
3860
3879
3878
3880
3876
3873
3887
3886
3883
3882
3889
3888
3892
3893
3890
3884
3885
3895
3894
3896
3899
3900
3901
3903
3904
3902
3897
3898
3907
3910
3906
3908
3911
3914
3912
3891
3915
3913
3918
3920
3921
3917
3905
3922
3925
3926
3927
3874
3919
3924
3909
3928
3933
3930
3934
3931
3936
3935
3923
3938
3932
3941
3916
3943
3937
3945
3947
3942
3939
3948
3944
3951
3953
3952
3950
3940
3955
3954
3959
3958
3960
3956
3961
3964
3962
3949
3965
3966
3968
3969
3971
3967
3972
3957
3970
3974
3976
3977
3963
3978
3979
3981
3982
3983
3980
3984
3985
3987
3988
3989
3990
3991
3992
3986
3993
3994
3997
3996
3946
3999
3998
3881
4001
3995
4002
4006
4004
4008
4000
3973
4009
4007
3975
4005
4012
4003
4013
4017
4019
4016
4011
4010
4020
4024
4022
4021
4025
4018
4028
4029
4027
4023
4032
4031
4034
4036
4014
4030
4039
4038
4037
4040
4042
4033
4043
4044
4041
4046
4047
4050
4048
4051
4053
4049
4054
4052
4056
4058
4035
4059
4057
4061
4063
4055
4064
4066
4065
4067
4062
4069
4068
4071
4045
4072
4073
4075
4076
4077
4060
4080
4074
4079
4083
4084
4081
4085
4082
4086
4078
4090
4089
4087
4093
4094
4070
4092
4095
4088
4026
4098
4097
4101
4102
4096
4103
4091
4104
4106
4107
3929
4109
4112
4105
4110
4113
4115
4117
4114
4118
4116
4120
4121
4108
4123
4119
4122
4127
4125
4124
4111
4129
4128
4132
4130
4133
4136
4099
4135
4137
4131
4139
4142
4140
4143
4141
4144
4146
4147
4148
4149
4100
4151
4015
4134
4150
4138
4145
4153
4159
4160
4156
4152
4158
4161
4162
4163
4155
4165
4164
4166
4168
4171
4170
4167
4169
4176
4173
4174
4179
4177
4172
4178
4181
4180
4175
4182
4183
4154
4185
4186
4187
4188
4189
4191
4190
4126
4192
4193
4198
4196
4201
4199
4195
4200
4204
4184
4194
4206
4203
4209
4211
4202
4212
4210
4207
4215
4217
4214
4157
4205
4218
4216
4219
4221
4197
4222
4220
4224
4227
4225
4229
4228
4213
4208
4230
4232
4233
4236
4237
4234
4241
4240
4238
4223
4243
4244
4231
4226
4235
4246
4248
4245
4247
4250
4254
4256
4252
4249
4257
4253
4251
4255
4260
4239
4258
4264
4263
4265
4262
4261
4267
4266
4272
4268
4273
4270
4259
4275
4276
4274
4277
4281
4280
4271
4282
4283
4287
4288
4285
4286
4269
4289
4291
4279
4293
4296
4297
4292
4278
4298
4294
4301
4302
4290
4300
4303
4295
4305
4308
4310
4311
4306
4312
4313
4309
4315
4304
4317
4307
4314
4318
4320
4319
4323
4299
4325
4321
4322
4316
4327
4328
4331
4329
4333
4326
4335
4337
4338
4330
4339
4336
4334
4341
4344
4340
4342
4345
4332
4348
4343
4350
4349
4352
4354
4351
4355
4346
4356
4357
4353
4360
4359
4361
4362
4347
4363
4364
4358
4367
4365
4368
4371
4373
4372
4375
4374
4366
4376
4379
4377
4284
4378
4242
4370
4382
4380
4386
4383
4388
4384
4369
4390
4324
4385
4393
4387
4396
4397
4399
4398
4394
4401
4392
4403
4400
4405
4406
4389
4395
4407
4381
4402
4411
4404
4414
4412
4410
4408
4416
4418
4417
4413
4415
4423
4419
4409
4421
4424
4426
4428
4431
4429
4430
4422
4434
4435
4425
4432
4433
4437
4439
4438
4420
4427
4444
4442
4446
4448
4436
4443
4449
4447
4441
4452
4445
4455
4457
4453
4440
4458
4461
4450
4462
4456
4464
4451
4466
4468
4469
4459
4470
4467
4472
4454
4391
4474
4471
4478
4477
4473
4480
4482
4463
4483
4479
4484
4487
4488
4486
4465
4490
4476
4481
4489
4493
4491
4496
4492
4498
4485
4501
4495
4502
4500
4499
4504
4503
4507
4494
4505
4508
4509
4506
4513
4512
4515
4517
4497
4518
4511
4514
4520
4523
4516
4510
4524
4521
4527
4528
4522
4529
4532
4519
4525
4533
4530
4536
4475
4538
4534
4531
4540
4535
4541
4544
4542
4545
4546
4537
4543
4539
4547
4550
4552
4549
4555
4551
4553
4556
4557
4554
4526
4558
4561
4560
4559
4562
4566
4567
4569
4570
4563
4548
4571
4572
4575
4568
4573
4577
4578
4581
4582
4580
4583
4565
4576
4574
4584
4585
4587
4579
4590
4589
4594
4592
4588
4595
4586
4591
4598
4599
4601
4603
4600
4604
4605
4606
4608
4609
4607
4596
4611
4610
4593
4597
4615
4614
4613
4617
4618
4620
4619
4621
4602
4460
4625
4616
4612
4564
4623
4622
4626
4631
4629
4632
4630
4634
4637
4635
4639
4638
4640
4642
4636
4645
4644
4646
4648
4643
4647
4628
4641
4652
4651
4653
4633
4656
4658
4655
4654
4660
4624
4662
4657
4661
4663
4627
4659
4664
4670
4665
4669
4671
4673
4667
4675
4674
4672
4677
4680
4681
4679
4668
4684
4678
4682
4685
4688
4687
4689
4683
4686
4691
4676
4690
4694
4697
4696
4693
4698
4701
4702
4699
4703
4692
4705
4704
4707
4695
4709
4666
4708
4710
4712
4715
4706
4716
4700
4718
4720
4721
4713
4711
4714
4722
4726
4727
4724
4728
4730
4719
4731
4733
4734
4735
4717
4736
4738
4739
4740
4725
4741
4743
4729
4744
4732
4746
4742
4748
4750
4737
4747
4751
4754
4753
4755
4756
4757
4749
4723
4745
4759
4762
4763
4758
4765
4766
4767
4764
4769
4760
4768
4761
4770
4772
4752
4776
4771
4774
4773
4779
4778
4775
4781
4780
4784
4785
4786
4783
4788
4791
4777
4789
4790
4787
4792
4797
4796
4799
4798
4795
4782
4800
4794
4793
4804
4807
4801
4802
4803
4805
4808
4809
4814
4815
4810
4816
4811
4806
4649
4812
4818
4820
4650
4813
4822
4826
4819
4823
4828
4824
4831
4817
4829
4825
4830
4827
4833
4837
4840
4834
4832
4838
4836
4839
4841
4835
4847
4842
4846
4848
4851
4849
4850
4854
4843
4844
4852
4853
4856
4860
4862
4861
4855
4864
4863
4858
4857
4859
4845
4867
4872
4868
4866
4873
4865
4870
4876
4875
4869
4879
4874
4871
4878
4877
4881
4882
4886
4888
4885
4883
4889
4890
4892
4821
4887
4893
4894
4895
4891
4896
4880
4898
4900
4901
4899
4902
4907
4903
4904
4906
4909
4910
4911
4884
4914
4913
4916
4912
4915
4905
4919
4897
4917
4923
4918
4921
4927
4925
4926
4920
4908
4931
4928
4934
4936
4937
4932
4933
4935
4930
4929
4941
4943
4939
4940
4945
4924
4948
4944
4946
4938
4947
4942
4950
4951
4954
4956
4955
4953
4959
4957
4961
4958
4960
4966
4952
4949
4962
4964
4971
4965
4963
4972
4970
4976
4975
4978
4977
4979
4981
4974
4967
4982
4973
4980
4985
4987
4984
4989
4983
4986
4990
4991
4992
4996
4995
4998
4994
4993
4999
5002
4997
4988
5000
5001
5003
5008
4969
5006
5009
5011
5012
5007
5014
5013
5016
5018
5019
5015
5005
5010
5020
5017
5021
5024
5027
5028
5026
5029
5025
5030
5032
5031
5023
5035
5033
5037
5039
5034
5038
5041
5043
5040
5045
5042
5036
5046
5044
5049
5051
5050
5052
5047
5054
5053
5056
5057
5058
5060
5061
5048
5059
5062
5055
5064
5067
5065
5068
5069
4922
5071
5073
5070
5074
5076
5075
5077
5079
5080
5081
5078
5082
5083
5084
5086
4968
5072
5087
5085
5090
5091
5092
5093
5088
5094
5095
5097
5099
5100
5101
5098
5096
5103
5102
5106
5107
5105
5104
5108
5109
5111
5089
5113
5112
5115
5114
5116
5022
5119
5121
5118
5122
5124
5125
5126
5127
5110
5128
5130
5131
5132
5129
5133
5135
5136
5066
5137
5139
5138
5140
5142
5141
5120
5143
5063
5145
5147
5146
5150
5149
5151
5153
5134
5152
5156
5154
5144
5155
5158
5160
5161
5163
5162
5164
5166
5167
5168
5169
5159
5171
5170
5173
5172
5175
5174
5177
5178
5179
5180
5148
5181
5183
5184
5185
5186
5187
5188
5189
5182
5190
5192
5193
5194
5195
5196
5191
5197
5199
5200
5201
5202
5203
5204
5205
5206
5207
5208
5198
5209
5211
5212
5213
5214
5215
5216
5217
5218
5219
5220
5221
5222
5223
5224
5225
5226
5227
5228
5229
5210
5230
5232
5233
5234
5235
5236
5237
5238
5239
5240
5241
5242
5243
5244
5245
5246
5247
5248
5249
5250
5251
5252
5253
5254
5255
5256
5257
5258
5259
5260
5261
5262
5263
5264
5265
5266
5267
5268
5269
5270
5271
5272
5273
5274
